Sample	0	1	2	3	4	5	6	7	8	9	10	11	12	13	14	15
SRR6984609	(1.0, 30.449305558592965)	(2.0, 9.454648061582576)	(3.0, 4.723120957050715)	(4.0, 3.0558095288648683)	(5.0, 2.150502613241877)	(6.0, 1.580401814500837)	(7.0, 1.3397724761071939)	(8.0, 1.1174896241207135)	(9.0, 0.9046490487164685)	('>10', 10.537690463813886)	('>50', 3.385714228746835)	('>100', 7.510105397392753)	('>500', 3.2448165120379313)	('>1k', 8.933389188781835)	('>5k', 3.1725003608498685)	('>10k+', 8.440084165598744)
SRR6984610	(1.0, 35.854236771928235)	(2.0, 10.691246006353339)	(3.0, 4.637118317067737)	(4.0, 2.832245203628519)	(5.0, 1.8848085241032146)	(6.0, 1.528296514683536)	(7.0, 1.2247578095864595)	(8.0, 0.9539401761342221)	(9.0, 0.7939561416755904)	('>10', 9.402662181767827)	('>50', 3.06225598265107)	('>100', 6.906447175362832)	('>500', 3.0684566778555915)	('>1k', 7.902983697306771)	('>5k', 2.9021546289542623)	('>10k+', 6.354434190941023)
SRR6984611	(1.0, 36.05790606937171)	(2.0, 10.850953042496178)	(3.0, 5.263938856474805)	(4.0, 3.2706680442728002)	(5.0, 2.3956759042235825)	(6.0, 1.7364667540523626)	(7.0, 1.408963856479994)	(8.0, 1.1496323555968953)	(9.0, 0.9521869079466051)	('>10', 10.848402977581497)	('>50', 3.2766537992187024)	('>100', 7.1168263842236055)	('>500', 3.026252606275988)	('>1k', 6.477094404599186)	('>5k', 2.1929856670380925)	('>10k+', 3.975392370147981)
SRR6984612	(1.0, 37.07756442720821)	(2.0, 10.4318916160388)	(3.0, 4.773402159501981)	(4.0, 3.01337733608439)	(5.0, 2.0201487529264233)	(6.0, 1.548738120905144)	(7.0, 1.2323063091522355)	(8.0, 1.040082431970077)	(9.0, 0.8764283516584384)	('>10', 9.78540391225155)	('>50', 3.0971606716781768)	('>100', 7.430876460511011)	('>500', 2.913849138548754)	('>1k', 7.053451877010717)	('>5k', 2.7832642808318693)	('>10k+', 4.92205415372219)
SRR6984613	(1.0, 28.024028867063777)	(2.0, 9.497375118915334)	(3.0, 4.62768751824272)	(4.0, 3.008652155761233)	(5.0, 2.059354555326939)	(6.0, 1.6171002776375403)	(7.0, 1.3187050321315583)	(8.0, 1.0320832719738318)	(9.0, 0.8701531329825765)	('>10', 10.49267567969258)	('>50', 3.514694692419188)	('>100', 8.556840172049945)	('>500', 4.20369802560474)	('>1k', 10.448274456177376)	('>5k', 4.004430296080026)	('>10k+', 6.724246747940573)
SRR6984614	(1.0, 39.75469030395877)	(2.0, 11.585467973596199)	(3.0, 5.237029410524518)	(4.0, 3.1720653847605975)	(5.0, 2.2421061301125125)	(6.0, 1.7241219912251602)	(7.0, 1.2761892795162897)	(8.0, 1.06350715950768)	(9.0, 0.920695848976245)	('>10', 10.15234885682067)	('>50', 3.3128001722551157)	('>100', 7.352349300460424)	('>500', 3.0242055130738508)	('>1k', 5.695900819287625)	('>5k', 1.606796943316067)	('>10k+', 1.8797249126081783)
SRR6984615	(1.0, 32.59428990476012)	(2.0, 10.182728785698185)	(3.0, 4.59139519888614)	(4.0, 2.9216508571451842)	(5.0, 1.9917450418171851)	(6.0, 1.5697257224967434)	(7.0, 1.208627247700596)	(8.0, 0.9718078812846263)	(9.0, 0.8208650072942967)	('>10', 9.820331664317552)	('>50', 3.2506521251705958)	('>100', 7.252886106517748)	('>500', 3.376037440191091)	('>1k', 8.91181196133893)	('>5k', 3.299500759557661)	('>10k+', 7.235944295823601)
SRR6984616	(1.0, 36.80426782761984)	(2.0, 11.5439152912909)	(3.0, 5.1815931151582015)	(4.0, 3.1890195173520075)	(5.0, 2.1249903716139333)	(6.0, 1.6513443262935)	(7.0, 1.3141306400615886)	(8.0, 1.2193518659819353)	(9.0, 0.9309763539979973)	('>10', 10.096933071280322)	('>50', 3.0615891725484676)	('>100', 6.712285366206307)	('>500', 2.7690200163453844)	('>1k', 6.737675592738757)	('>5k', 2.3281011907003797)	('>10k+', 4.334806280810352)
SRR6984617	(1.0, 31.765265598302317)	(2.0, 9.769973874554102)	(3.0, 4.640631878805674)	(4.0, 2.9118132227100944)	(5.0, 2.0547662434747984)	(6.0, 1.5826627922138448)	(7.0, 1.203465292140241)	(8.0, 1.042450665887022)	(9.0, 0.8594373319056988)	('>10', 10.05685145809559)	('>50', 3.0942949658569865)	('>100', 7.2013956257187415)	('>500', 3.2067251110572554)	('>1k', 9.091255806154123)	('>5k', 3.7965106475835704)	('>10k+', 7.722499485540084)
SRR6984618	(1.0, 25.363737562435702)	(2.0, 8.20798044656533)	(3.0, 4.368288713136767)	(4.0, 2.8695979783055976)	(5.0, 2.103363781916635)	(6.0, 1.6750342320139542)	(7.0, 1.3658603601413297)	(8.0, 1.0937140310341376)	(9.0, 0.9558464100634982)	('>10', 11.975662569740862)	('>50', 4.073828029535373)	('>100', 9.554153981052078)	('>500', 4.286884202054967)	('>1k', 10.502120812951656)	('>5k', 3.8086521990008415)	('>10k+', 7.795274690051487)
SRR6984619	(1.0, 22.79711855047653)	(2.0, 7.893478139035229)	(3.0, 4.066922613717873)	(4.0, 2.600695346645486)	(5.0, 1.9047677459548658)	(6.0, 1.5230444722051029)	(7.0, 1.2302187552750163)	(8.0, 1.0623716259477516)	(9.0, 0.9002576463435082)	('>10', 11.137880825079277)	('>50', 4.003485814417911)	('>100', 9.734950741103383)	('>500', 4.717868537035547)	('>1k', 11.380061016410894)	('>5k', 5.233415744791381)	('>10k+', 9.813462425560244)
SRR6984620	(1.0, 24.596063361482248)	(2.0, 7.7376372921036305)	(3.0, 3.998870345288694)	(4.0, 2.571298349255598)	(5.0, 1.818726821888881)	(6.0, 1.4036928569025726)	(7.0, 1.1698629369528897)	(8.0, 0.9741273090828034)	(9.0, 0.8283729329623793)	('>10', 10.755681859508968)	('>50', 4.045260610363922)	('>100', 9.9102720250933)	('>500', 4.914698413192151)	('>1k', 11.707883965309609)	('>5k', 4.910290581948427)	('>10k+', 8.657260338663773)
SRR6984621	(1.0, 29.88209950792732)	(2.0, 9.85666069770337)	(3.0, 4.538910380937587)	(4.0, 2.7135153573321196)	(5.0, 1.9329960382165001)	(6.0, 1.4375279419606166)	(7.0, 1.1665610613989141)	(8.0, 0.9484158118487542)	(9.0, 0.8008694434882165)	('>10', 9.338956453013909)	('>50', 3.111236255500591)	('>100', 7.321104334058218)	('>500', 3.2855262926870648)	('>1k', 9.479598007673397)	('>5k', 3.8054822752903035)	('>10k+', 10.380540140963213)
SRR6984622	(1.0, 41.40818326368477)	(2.0, 11.018957013689054)	(3.0, 4.894155867117654)	(4.0, 3.135181867587708)	(5.0, 2.1118932236403167)	(6.0, 1.6071477896780362)	(7.0, 1.3232214659168284)	(8.0, 1.0699387650975434)	(9.0, 0.8741574431789941)	('>10', 9.48270432904673)	('>50', 2.8896783312996033)	('>100', 6.281395640709148)	('>500', 2.3541193851447604)	('>1k', 5.709767247949771)	('>5k', 2.093874306714774)	('>10k+', 3.745624059544364)
SRR6984623	(1.0, 29.646913815392352)	(2.0, 9.407368600721655)	(3.0, 4.62358714051377)	(4.0, 2.970157547268255)	(5.0, 2.1944158123501665)	(6.0, 1.7089374720403103)	(7.0, 1.3795568612890483)	(8.0, 1.146766887883173)	(9.0, 0.9843000591108578)	('>10', 11.019855481942448)	('>50', 3.401792746005077)	('>100', 7.640243230714923)	('>500', 3.084586131887601)	('>1k', 8.345692197172411)	('>5k', 3.551750833207079)	('>10k+', 8.894075182500861)
SRR6984624	(1.0, 34.54907590872249)	(2.0, 9.848979922967413)	(3.0, 4.418998772419611)	(4.0, 2.745805855436927)	(5.0, 1.889357764566673)	(6.0, 1.4258472973430154)	(7.0, 1.1799649494370208)	(8.0, 0.9481565117199265)	(9.0, 0.8525218473132281)	('>10', 9.838775461172226)	('>50', 3.455216843031232)	('>100', 7.958308560654581)	('>500', 3.6837299159509964)	('>1k', 8.958349304458443)	('>5k', 2.9989910883312656)	('>10k+', 5.247919996474812)
SRR6984625	(1.0, 30.30058992778178)	(2.0, 8.836862304318727)	(3.0, 3.926278571515665)	(4.0, 2.35454369342229)	(5.0, 1.7009800703762714)	(6.0, 1.2944143818129052)	(7.0, 1.0389128483651076)	(8.0, 0.8972616954752131)	(9.0, 0.7662765678841574)	('>10', 9.30596244772506)	('>50', 3.372237583635498)	('>100', 8.412481384781525)	('>500', 4.214646596995894)	('>1k', 10.92888222510395)	('>5k', 4.778951910038852)	('>10k+', 7.870717790767127)
SRR6984626	(1.0, 30.963629278740328)	(2.0, 9.72622444575786)	(3.0, 4.6090358316205275)	(4.0, 2.882464247831463)	(5.0, 1.9526158778801663)	(6.0, 1.5437567151011895)	(7.0, 1.2535575293056642)	(8.0, 1.0255106996136287)	(9.0, 0.9067464650555243)	('>10', 10.997572945419964)	('>50', 3.8912694217321833)	('>100', 9.201748587679406)	('>500', 4.468709319502144)	('>1k', 9.94915108532056)	('>5k', 3.4914077409243927)	('>10k+', 3.136599808514931)
