Sample	0	1	2	3	4	5	6	7	8	9	10	11	12	13	14	15
SRR6984609	(1.0, 31.575141308379735)	(2.0, 9.574688235895671)	(3.0, 4.6027499467009205)	(4.0, 2.9521494713314578)	(5.0, 2.1237727835587736)	(6.0, 1.571089948875735)	(7.0, 1.299090323345243)	(8.0, 1.0998496385422618)	(9.0, 0.8598919255208051)	('>10', 10.333802760268677)	('>50', 3.5006713904873394)	('>100', 7.689672429735294)	('>500', 3.385437338680422)	('>1k', 8.436684323618778)	('>5k', 3.220320558294913)	('>10k+', 7.7749876167641565)
SRR6984610	(1.0, 36.89256834423084)	(2.0, 10.86955729276146)	(3.0, 4.475187016321028)	(4.0, 2.6983168048946005)	(5.0, 1.880390459265047)	(6.0, 1.5124702460537547)	(7.0, 1.1389673865710246)	(8.0, 0.9574469222320697)	(9.0, 0.7767590973738624)	('>10', 9.317853248911938)	('>50', 3.1362909796658367)	('>100', 6.982696897238842)	('>500', 3.1385085959492383)	('>1k', 7.573866908155505)	('>5k', 2.823483932281344)	('>10k+', 5.8256358680934675)
SRR6984611	(1.0, 37.261594608598216)	(2.0, 10.943781099516519)	(3.0, 5.1237949505497475)	(4.0, 3.198231219858732)	(5.0, 2.25536997354341)	(6.0, 1.7009730674374737)	(7.0, 1.3779714728407393)	(8.0, 1.1119891407833746)	(9.0, 0.919454824142576)	('>10', 10.6381865067762)	('>50', 3.2900049620247485)	('>100', 6.985437953984551)	('>500', 3.063528536846592)	('>1k', 6.1261365467678255)	('>5k', 2.241392663888828)	('>10k+', 3.7621524724401443)
SRR6984612	(1.0, 38.55712940443558)	(2.0, 10.426789135502917)	(3.0, 4.591272271986386)	(4.0, 2.8314042362919483)	(5.0, 1.9929533676087037)	(6.0, 1.5296888895315996)	(7.0, 1.187132818772057)	(8.0, 0.9974022072277374)	(9.0, 0.8432445184410815)	('>10', 9.639232574606408)	('>50', 3.10259003259973)	('>100', 7.390064593844152)	('>500', 2.8782183611089662)	('>1k', 6.620402642397552)	('>5k', 2.8513777834642133)	('>10k+', 4.5610971621809995)
SRR6984613	(1.0, 29.042196826351034)	(2.0, 9.577301598717918)	(3.0, 4.508726992512532)	(4.0, 2.902299398251347)	(5.0, 1.9828619302529882)	(6.0, 1.5497218280093306)	(7.0, 1.265289555939331)	(8.0, 1.0520792660573068)	(9.0, 0.870863362632257)	('>10', 10.50972118885709)	('>50', 3.6892296792574797)	('>100', 8.730726611765004)	('>500', 4.126652651617279)	('>1k', 9.794498875694455)	('>5k', 3.8876616192382354)	('>10k+', 6.510168614846286)
SRR6984614	(1.0, 41.183602003588845)	(2.0, 11.628857070338801)	(3.0, 5.0968106248029)	(4.0, 3.009906693476414)	(5.0, 2.1726092053922055)	(6.0, 1.6538625956103532)	(7.0, 1.2373518458225863)	(8.0, 1.0536340988541133)	(9.0, 0.8859057881039596)	('>10', 9.909736499402825)	('>50', 3.2722138476749865)	('>100', 7.0915716653953655)	('>500', 2.9504924868115454)	('>1k', 5.326886655965535)	('>5k', 1.5216006174248975)	('>10k+', 2.0049583013344185)
SRR6984615	(1.0, 33.65309803343391)	(2.0, 10.303777703930228)	(3.0, 4.5024562011501805)	(4.0, 2.776956504832712)	(5.0, 1.9746398530222014)	(6.0, 1.5141324718928972)	(7.0, 1.1869408644768573)	(8.0, 0.9386040879151328)	(9.0, 0.8468955410633601)	('>10', 9.73621768564846)	('>50', 3.33653032875411)	('>100', 7.3901654610703655)	('>500', 3.4183083872344415)	('>1k', 8.470285528721957)	('>5k', 3.169583059887901)	('>10k+', 6.781408286965126)
SRR6984616	(1.0, 38.28473247030913)	(2.0, 11.490951350417092)	(3.0, 5.111850042963688)	(4.0, 2.9836068120061734)	(5.0, 2.139390934775445)	(6.0, 1.5677307058304872)	(7.0, 1.3209237462294785)	(8.0, 1.1193549850482998)	(9.0, 0.9103381207917751)	('>10', 10.000416504165287)	('>50', 2.9939137250895245)	('>100', 6.721955070943912)	('>500', 2.6601372366053244)	('>1k', 6.365539574703506)	('>5k', 2.145672201587206)	('>10k+', 4.183486518533871)
SRR6984617	(1.0, 33.19602473489336)	(2.0, 9.841916632806868)	(3.0, 4.500700849011998)	(4.0, 2.8706369962147607)	(5.0, 1.9281835678502348)	(6.0, 1.507365025661933)	(7.0, 1.1704509554270104)	(8.0, 1.023697204015549)	(9.0, 0.8206829034660619)	('>10', 9.823847896728035)	('>50', 3.147170923565327)	('>100', 7.3602882900537585)	('>500', 3.2011112738445964)	('>1k', 8.652366074730267)	('>5k', 3.263253859771561)	('>10k+', 7.692302811958586)
SRR6984618	(1.0, 26.54677596041935)	(2.0, 8.43026009852879)	(3.0, 4.315326140751085)	(4.0, 2.838512097392041)	(5.0, 2.0756823848204125)	(6.0, 1.6081758720753494)	(7.0, 1.3392197240290373)	(8.0, 1.1185347374404329)	(9.0, 0.9281995543836701)	('>10', 11.756996792168628)	('>50', 4.153130505491727)	('>100', 9.56238547127372)	('>500', 4.199659701683792)	('>1k', 9.944935112201831)	('>5k', 3.817198702892493)	('>10k+', 7.36500714444765)
SRR6984619	(1.0, 23.803794854080838)	(2.0, 8.04854481902453)	(3.0, 4.016029478156405)	(4.0, 2.6199572246348795)	(5.0, 1.9139134588553257)	(6.0, 1.4532373196912698)	(7.0, 1.1923685843265233)	(8.0, 1.0301439250861282)	(9.0, 0.8568285685508678)	('>10', 11.082237838775931)	('>50', 4.0824499080270895)	('>100', 9.861707408257105)	('>500', 4.675032300018847)	('>1k', 10.908127075339644)	('>5k', 5.1191093049705945)	('>10k+', 9.336517932204018)
SRR6984620	(1.0, 25.68385458575209)	(2.0, 7.803237681372052)	(3.0, 3.9415763356901348)	(4.0, 2.5429706592132573)	(5.0, 1.7522799868786834)	(6.0, 1.475630893086911)	(7.0, 1.1298885167593067)	(8.0, 0.9326377402878305)	(9.0, 0.8516911186175449)	('>10', 10.814132794758336)	('>50', 4.001673044517671)	('>100', 9.951292898401238)	('>500', 4.760997549883265)	('>1k', 11.358556848062252)	('>5k', 4.488735475868205)	('>10k+', 8.510843870851268)
SRR6984621	(1.0, 30.51424496162902)	(2.0, 10.009286932608566)	(3.0, 4.481082493870896)	(4.0, 2.6630340119458276)	(5.0, 1.9032885990555932)	(6.0, 1.3810838596853927)	(7.0, 1.1083202386639324)	(8.0, 0.9733210477902191)	(9.0, 0.7929400539985159)	('>10', 9.235245169190014)	('>50', 3.2537792684433935)	('>100', 7.560398516922004)	('>500', 3.3886744751743123)	('>1k', 9.03388538677368)	('>5k', 3.7398204273468063)	('>10k+', 9.96159455690167)
SRR6984622	(1.0, 42.63619968906101)	(2.0, 10.999407684676545)	(3.0, 4.75594228034154)	(4.0, 2.99800654752025)	(5.0, 2.0187645494162823)	(6.0, 1.5425503103699674)	(7.0, 1.2259926473102853)	(8.0, 1.0146359275212813)	(9.0, 0.8718111040122878)	('>10', 9.373515340959731)	('>50', 2.920428066470713)	('>100', 6.205389324353107)	('>500', 2.3811607018477963)	('>1k', 5.384011651009485)	('>5k', 2.1576189877576866)	('>10k+', 3.5145651873720896)
SRR6984623	(1.0, 30.709542658892623)	(2.0, 9.65390586323107)	(3.0, 4.545320889762857)	(4.0, 2.955553581588599)	(5.0, 2.1442826141213676)	(6.0, 1.6355396103968163)	(7.0, 1.3201456042805113)	(8.0, 1.1060353235574871)	(9.0, 0.9238337435966856)	('>10', 10.845068106736065)	('>50', 3.463331666610544)	('>100', 7.817013115807063)	('>500', 3.062762442096368)	('>1k', 8.181976696948054)	('>5k', 3.470078328617352)	('>10k+', 8.165609753756604)
SRR6984624	(1.0, 35.440377776631436)	(2.0, 9.882432484429337)	(3.0, 4.371467190395265)	(4.0, 2.6519534471421493)	(5.0, 1.9573708664347618)	(6.0, 1.4029388333696078)	(7.0, 1.0988339748243714)	(8.0, 0.9632238517766518)	(9.0, 0.830323086319048)	('>10', 9.695324931209514)	('>50', 3.5076377079707495)	('>100', 8.14409157498147)	('>500', 3.49412225248551)	('>1k', 8.52116284666664)	('>5k', 2.9999057431584317)	('>10k+', 5.038833432205097)
SRR6984625	(1.0, 31.102849541439998)	(2.0, 8.981697828979248)	(3.0, 3.8397988260439697)	(4.0, 2.3202100169963877)	(5.0, 1.6402113339266475)	(6.0, 1.2969481518917734)	(7.0, 0.9981307482419634)	(8.0, 0.8640115794417684)	(9.0, 0.7031653755172185)	('>10', 9.314668744087653)	('>50', 3.5056877682666756)	('>100', 8.628755841795492)	('>500', 4.193904120686408)	('>1k', 10.441239469639065)	('>5k', 4.635160890029861)	('>10k+', 7.5335597630158695)
SRR6984626	(1.0, 32.240804375641666)	(2.0, 9.989879349085907)	(3.0, 4.515496303067186)	(4.0, 2.813271228836057)	(5.0, 1.9732074163530726)	(6.0, 1.4953603703978782)	(7.0, 1.215317518553713)	(8.0, 0.9939522341526643)	(9.0, 0.9131891512207077)	('>10', 10.91058529291208)	('>50', 3.926738815368632)	('>100', 9.110381956577625)	('>500', 4.270230971379455)	('>1k', 9.32624246507739)	('>5k', 3.1173459663225347)	('>10k+', 3.18799658505346)
