Sample	raw_total_sequences	filtered_sequences	sequences	is_sorted	1st_fragments	last_fragments	reads_mapped	reads_mapped_and_paired	reads_unmapped	reads_properly_paired	reads_paired	reads_duplicated	reads_MQ0	reads_QC_failed	non-primary_alignments	supplementary_alignments	total_length	total_first_fragment_length	total_last_fragment_length	bases_mapped	bases_mapped_(cigar)	bases_trimmed	bases_duplicated	mismatches	error_rate	average_length	average_first_fragment_length	average_last_fragment_length	maximum_length	maximum_first_fragment_length	maximum_last_fragment_length	average_quality	insert_size_average	insert_size_standard_deviation	inward_oriented_pairs	outward_oriented_pairs	pairs_with_other_orientation	pairs_on_different_chromosomes	percentage_of_properly_paired_reads_(%)	reads_mapped_percent	reads_mapped_and_paired_percent	reads_unmapped_percent	reads_properly_paired_percent	reads_paired_percent	reads_duplicated_percent	reads_MQ0_percent	reads_QC_failed_percent
SRR6984609_trimmed_sorted_quality	22327721.0	0.0	22327721.0	1.0	22327721.0	0.0	22327721.0	0.0	0.0	0.0	0.0	0.0	407431.0	0.0	5525983.0	0.0	1382467176.0	1382467176.0	0.0	1382467176.0	1377056590.0	0.0	0.0	3470309.0	0.002520092	61.0	62.0	0.0	63.0	63.0	0.0	35.2	0.0	0.0	0.0	0.0	0.0	0.0	0.0	100.0	0.0	0.0	0.0	0.0	0.0	1.8247764740521435	0.0
SRR6984610_trimmed_sorted_quality	24598614.0	0.0	24598614.0	1.0	24598614.0	0.0	24598614.0	0.0	0.0	0.0	0.0	0.0	424401.0	0.0	6717755.0	0.0	1523726813.0	1523726813.0	0.0	1523726813.0	1518949247.0	0.0	0.0	3231460.0	0.002127431	61.0	62.0	0.0	63.0	63.0	0.0	35.2	0.0	0.0	0.0	0.0	0.0	0.0	0.0	100.0	0.0	0.0	0.0	0.0	0.0	1.7253045232548467	0.0
SRR6984611_trimmed_sorted_quality	25633081.0	0.0	25633081.0	1.0	25633081.0	0.0	25633081.0	0.0	0.0	0.0	0.0	0.0	304113.0	0.0	5878486.0	0.0	1588103588.0	1588103588.0	0.0	1588103588.0	1583699375.0	0.0	0.0	2789027.0	0.001761084	61.0	62.0	0.0	63.0	63.0	0.0	35.2	0.0	0.0	0.0	0.0	0.0	0.0	0.0	100.0	0.0	0.0	0.0	0.0	0.0	1.18640829793344	0.0
SRR6984612_trimmed_sorted_quality	24444002.0	0.0	24444002.0	1.0	24444002.0	0.0	24444002.0	0.0	0.0	0.0	0.0	0.0	179876.0	0.0	5144968.0	0.0	1513484979.0	1513484979.0	0.0	1513484979.0	1509864562.0	0.0	0.0	1771263.0	0.001173127	61.0	62.0	0.0	63.0	63.0	0.0	35.1	0.0	0.0	0.0	0.0	0.0	0.0	0.0	100.0	0.0	0.0	0.0	0.0	0.0	0.7358696828776238	0.0
SRR6984613_trimmed_sorted_quality	23923820.0	0.0	23923820.0	1.0	23923820.0	0.0	23923820.0	0.0	0.0	0.0	0.0	0.0	367580.0	0.0	5777126.0	0.0	1480810327.0	1480810327.0	0.0	1480810327.0	1475747965.0	0.0	0.0	3101842.0	0.002101878	61.0	62.0	0.0	63.0	63.0	0.0	35.1	0.0	0.0	0.0	0.0	0.0	0.0	0.0	100.0	0.0	0.0	0.0	0.0	0.0	1.5364603144481106	0.0
SRR6984614_trimmed_sorted_quality	25870202.0	0.0	25870202.0	1.0	25870202.0	0.0	25870202.0	0.0	0.0	0.0	0.0	0.0	178284.0	0.0	5166925.0	0.0	1602371900.0	1602371900.0	0.0	1602371900.0	1599144592.0	0.0	0.0	1692128.0	0.001058146	61.0	62.0	0.0	63.0	63.0	0.0	35.2	0.0	0.0	0.0	0.0	0.0	0.0	0.0	100.0	0.0	0.0	0.0	0.0	0.0	0.6891480785499858	0.0
SRR6984615_trimmed_sorted_quality	25142103.0	0.0	25142103.0	1.0	25142103.0	0.0	25142103.0	0.0	0.0	0.0	0.0	0.0	455685.0	0.0	6327819.0	0.0	1556757473.0	1556757473.0	0.0	1556757473.0	1551130116.0	0.0	0.0	3768224.0	0.002429341	61.0	62.0	0.0	63.0	63.0	0.0	35.2	0.0	0.0	0.0	0.0	0.0	0.0	0.0	100.0	0.0	0.0	0.0	0.0	0.0	1.8124378855658971	0.0
SRR6984616_trimmed_sorted_quality	33327801.0	0.0	33327801.0	1.0	33327801.0	0.0	33327801.0	0.0	0.0	0.0	0.0	0.0	331015.0	0.0	6839240.0	0.0	2064633528.0	2064633528.0	0.0	2064633528.0	2059475883.0	0.0	0.0	3182834.0	0.001545458	61.0	62.0	0.0	63.0	63.0	0.0	35.2	0.0	0.0	0.0	0.0	0.0	0.0	0.0	100.0	0.0	0.0	0.0	0.0	0.0	0.993209843037649	0.0
SRR6984617_trimmed_sorted_quality	27931647.0	0.0	27931647.0	1.0	27931647.0	0.0	27931647.0	0.0	0.0	0.0	0.0	0.0	270666.0	0.0	6098110.0	0.0	1729077954.0	1729077954.0	0.0	1729077954.0	1724081641.0	0.0	0.0	2335244.0	0.001354486	61.0	62.0	0.0	63.0	63.0	0.0	35.1	0.0	0.0	0.0	0.0	0.0	0.0	0.0	100.0	0.0	0.0	0.0	0.0	0.0	0.9690298606451672	0.0
SRR6984618_trimmed_sorted_quality	23008490.0	0.0	23008490.0	1.0	23008490.0	0.0	23008490.0	0.0	0.0	0.0	0.0	0.0	235226.0	0.0	6113290.0	0.0	1423446079.0	1423446079.0	0.0	1423446079.0	1419403909.0	0.0	0.0	1828018.0	0.001287877	61.0	62.0	0.0	63.0	63.0	0.0	35.1	0.0	0.0	0.0	0.0	0.0	0.0	0.0	100.0	0.0	0.0	0.0	0.0	0.0	1.0223443607120675	0.0
SRR6984619_trimmed_sorted_quality	23357898.0	0.0	23357898.0	1.0	23357898.0	0.0	23357898.0	0.0	0.0	0.0	0.0	0.0	336461.0	0.0	6951365.0	0.0	1445734289.0	1445734289.0	0.0	1445734289.0	1441257018.0	0.0	0.0	2345495.0	0.001627395	61.0	62.0	0.0	63.0	63.0	0.0	35.1	0.0	0.0	0.0	0.0	0.0	0.0	0.0	100.0	0.0	0.0	0.0	0.0	0.0	1.4404592399538692	0.0
SRR6984620_trimmed_sorted_quality	23254375.0	0.0	23254375.0	1.0	23254375.0	0.0	23254375.0	0.0	0.0	0.0	0.0	0.0	251015.0	0.0	5645710.0	0.0	1438969385.0	1438969385.0	0.0	1438969385.0	1434656692.0	0.0	0.0	1968105.0	0.00137183	61.0	62.0	0.0	63.0	63.0	0.0	35.1	0.0	0.0	0.0	0.0	0.0	0.0	0.0	100.0	0.0	0.0	0.0	0.0	0.0	1.079431289811057	0.0
SRR6984621_trimmed_sorted_quality	21883920.0	0.0	21883920.0	1.0	21883920.0	0.0	21883920.0	0.0	0.0	0.0	0.0	0.0	534894.0	0.0	5688922.0	0.0	1354652360.0	1354652360.0	0.0	1354652360.0	1348238510.0	0.0	0.0	4304951.0	0.003193019	61.0	62.0	0.0	63.0	63.0	0.0	35.2	0.0	0.0	0.0	0.0	0.0	0.0	0.0	100.0	0.0	0.0	0.0	0.0	0.0	2.4442330258929843	0.0
SRR6984622_trimmed_sorted_quality	26795672.0	0.0	26795672.0	1.0	26795672.0	0.0	26795672.0	0.0	0.0	0.0	0.0	0.0	290473.0	0.0	5333272.0	0.0	1659901915.0	1659901915.0	0.0	1659901915.0	1655316128.0	0.0	0.0	3090618.0	0.001867086	61.0	62.0	0.0	63.0	63.0	0.0	35.2	0.0	0.0	0.0	0.0	0.0	0.0	0.0	100.0	0.0	0.0	0.0	0.0	0.0	1.084029540292925	0.0
SRR6984623_trimmed_sorted_quality	32231584.0	0.0	32231584.0	1.0	32231584.0	0.0	32231584.0	0.0	0.0	0.0	0.0	0.0	647699.0	0.0	8601672.0	0.0	1996720708.0	1996720708.0	0.0	1996720708.0	1989539670.0	0.0	0.0	5064012.0	0.002545318	61.0	62.0	0.0	63.0	63.0	0.0	35.2	0.0	0.0	0.0	0.0	0.0	0.0	0.0	100.0	0.0	0.0	0.0	0.0	0.0	2.009516504060117	0.0
SRR6984624_trimmed_sorted_quality	29755994.0	0.0	29755994.0	1.0	29755994.0	0.0	29755994.0	0.0	0.0	0.0	0.0	0.0	328399.0	0.0	7012416.0	0.0	1842929246.0	1842929246.0	0.0	1842929246.0	1838323331.0	0.0	0.0	3067708.0	0.001668753	61.0	62.0	0.0	63.0	63.0	0.0	35.1	0.0	0.0	0.0	0.0	0.0	0.0	0.0	100.0	0.0	0.0	0.0	0.0	0.0	1.1036398246349963	0.0
SRR6984625_trimmed_sorted_quality	22853405.0	0.0	22853405.0	1.0	22853405.0	0.0	22853405.0	0.0	0.0	0.0	0.0	0.0	301692.0	0.0	5519600.0	0.0	1414561723.0	1414561723.0	0.0	1414561723.0	1410047912.0	0.0	0.0	2563600.0	0.001818094	61.0	62.0	0.0	63.0	63.0	0.0	35.1	0.0	0.0	0.0	0.0	0.0	0.0	0.0	100.0	0.0	0.0	0.0	0.0	0.0	1.320118380608929	0.0
SRR6984626_trimmed_sorted_quality	23924644.0	0.0	23924644.0	1.0	23924644.0	0.0	23924644.0	0.0	0.0	0.0	0.0	0.0	208749.0	0.0	5422412.0	0.0	1483013584.0	1483013584.0	0.0	1483013584.0	1479770400.0	0.0	0.0	1800354.0	0.001216644	61.0	62.0	0.0	63.0	63.0	0.0	35.2	0.0	0.0	0.0	0.0	0.0	0.0	0.0	100.0	0.0	0.0	0.0	0.0	0.0	0.872527089640289	0.0
